42 98
0 1
0 2
0 3
0 4
1 2
1 5
1 6
1 7
1 8
2 8
2 9 
2 3
3 9
3 10
3 11
3 4
4 11
5 12
5 6
6 12
6 13
6 7
7 8
7 13
7 14
7 15
7 16
8 9
8 10
8 16
8 17
9 10
10 11
10 17
10 18
10 19
11 19
11 20
11 21
12 13
12 24
13 14
13 24
13 25
14 15
14 25
14 30
14 31
14 34
15 16
15 34
15 35
16 17
16 35
16 36
17 18
17 36 
17 37
18 19
18 37
19 20
19 22
19 23
20 21
20 22
20 23
21 23
22 23
24 25
25 26
25 29
25 30
26 27
26 28
26 29
28 29
29 30
29 31
29 32
30 31
31 32
31 33
31 34
32 33
32 35
33 34
33 35
34 35
35 36
35 38
36 37
36 38
36 40
38 39
38 40
39 40
39 41
40 41